Delsie 21 27 55 9 17 0 3 23 72
Catherina 26 28 4 43 26 3 3 19 48
Krystina 49 35 38 22 48 3 3 11 110
Linh 8 9 24 55 52 0 1 3 144
Georgeanna 54 49 0 23 8 2 1 24 259
Cecil 40 20 12 41 30 0 1 5 63
Ghislaine 53 2 13 23 39 2 1 23 82
Shalon 24 9 38 25 2 3 2 5 73
Donette 56 46 4 31 44 1 2 11 214
Marina 5 15 7 7 41 0 3 22 66
Gerard 13 50 40 58 52 3 1 12 297
Ike 11 29 21 20 34 2 3 2 116
Kandi 36 21 22 57 27 2 1 6 34
Farrah 4 34 27 35 48 2 2 3 196
Columbus 9 56 28 14 31 0 1 18 105
Nicolle 38 21 27 1 55 2 0 19 159
Bob 56 31 26 36 38 0 0 5 248
Faviola 32 10 56 58 11 1 0 8 139
Austin 21 25 40 41 21 0 1 5 67
Sandra 55 48 28 25 14 0 1 24 202
Sebrina 26 28 26 16 49 0 0 4 19
Salley 25 30 57 22 16 2 1 13 12
Mickey 56 49 50 51 3 1 0 2 175
Torrie 55 8 43 0 14 1 2 4 231
Terisa 51 35 0 49 6 3 3 0 79
Sadie 48 14 28 0 26 1 0 6 22
Dotty 19 26 34 37 12 2 0 1 250
Rosanna 35 14 37 7 51 1 1 9 55
Josef 58 26 46 29 53 1 1 13 250
Shakia 36 52 35 32 54 2 2 18 142
Cayla 45 18 21 37 18 0 3 3 269
Allyn 60 34 30 45 33 1 1 15 173
Martin 34 0 38 20 30 2 1 16 207
Jettie 20 23 24 48 5 2 3 2 170
Joshua 12 14 31 19 2 2 2 16 188
Sylvie 13 8 6 7 40 2 2 10 159
Zackary 26 54 10 56 49 1 1 4 219
Tomas 32 10 21 58 49 3 1 15 169
Rosena 7 42 3 45 14 0 0 21 258
Alicia 23 45 53 22 31 3 1 24 154
Shera 12 59 58 15 21 0 2 25 214
Talitha 16 14 37 11 11 0 0 24 0
Ophelia 24 15 41 60 1 0 3 20 233
Babara 27 37 7 37 54 3 1 16 282
Faviola 59 14 15 55 11 1 2 2 216
Merri 22 39 7 7 59 0 0 4 291
Imogene 54 53 7 41 20 2 0 20 80
Donella 32 40 7 18 24 0 3 13 44
Amos 43 43 59 45 25 3 3 20 243
Cecil 31 42 20 27 38 3 2 7 205
Zofia 21 47 41 59 3 2 1 0 133
Sharon 23 32 18 45 51 1 0 10 78
Janise 21 43 16 13 11 0 1 20 162
Zenia 5 7 55 39 48 0 2 3 132
Nita 3 21 44 39 4 2 0 25 229
Sherilyn 14 59 37 42 51 0 0 5 150
Manuela 51 27 32 56 35 0 1 9 17
Alfredia 47 46 34 5 9 2 1 24 97
Lilliana 2 53 45 50 33 0 3 9 0
Bernardo 41 8 36 58 40 0 2 15 126
Bess 42 13 43 44 39 0 0 5 204
Erik 16 8 56 56 30 3 0 2 172
Glayds 5 28 3 30 3 2 3 8 37
Lester 27 19 0 5 60 3 2 24 195
Lakeisha 3 12 11 18 60 0 2 17 280
Randa 47 30 56 46 48 1 0 15 116
Leora 20 57 59 43 46 2 3 6 156
Patrice 57 37 42 25 26 0 3 3 231
Roselyn 15 60 6 22 5 0 3 0 10
Paris 20 18 21 20 34 2 2 7 104
Merle 56 36 60 21 2 2 0 13 76
Danae 29 46 55 14 27 2 0 17 130
Melani 5 52 33 20 29 0 2 0 43
Vertie 5 27 20 18 13 0 3 23 222
Garnett 24 30 56 5 52 2 0 13 246
Royce 29 53 33 53 34 1 0 12 117
Joanna 30 25 15 15 7 2 1 24 66
Qiana 31 6 42 28 1 0 1 0 86
Magan 39 19 43 8 42 2 0 4 71
Temple 16 38 19 44 28 0 3 5 293
Arleen 21 50 27 27 43 1 1 0 253
Craig 46 3 42 44 21 2 1 10 271
Teodoro 0 60 5 39 55 1 3 15 216
Louvenia 30 3 58 56 40 1 2 25 231
Valentine 2 40 29 27 58 0 2 3 161
Oretha 2 59 11 0 39 3 1 4 97
Jina 25 6 11 50 48 3 0 15 157
Isidro 49 53 50 5 30 2 0 9 36
Bernadine 36 55 15 6 42 0 0 21 289
Lily 18 25 10 7 34 2 2 0 104
Noelle 4 32 44 34 54 2 0 22 266
Robert 59 21 35 2 54 1 3 8 276
Enda 51 12 49 13 13 0 2 19 227
Nelia 2 59 18 29 19 2 3 16 224
Tyra 56 40 25 7 4 2 0 6 128
Corazon 19 21 18 28 9 2 0 21 294
Lucy 59 59 44 11 19 2 0 6 234
Mariel 15 23 26 1 42 3 0 15 33
Taylor 32 16 8 44 36 0 0 24 198
Brock 48 41 17 23 48 2 1 23 282
Ingeborg 6 53 57 49 30 0 0 19 18
Elicia 12 56 31 2 44 0 2 22 62
Kirstie 41 49 60 5 54 2 0 5 52
Ji 17 10 37 24 51 3 0 9 72
Lesli 4 12 45 57 26 2 3 2 181
Charlena 36 23 28 4 56 1 2 16 263
Denny 54 39 49 17 38 2 0 4 124
Maye 18 26 50 32 50 2 2 18 275
Edward 20 38 9 51 7 3 2 8 71
Marcelle 49 5 40 5 50 3 3 6 178
Bobbi 13 34 3 13 6 2 0 16 194
Emerson 5 44 29 15 8 0 1 1 192
Jeraldine 35 44 48 43 47 0 0 21 41
Dawna 35 29 57 43 56 1 0 1 138
Vernell 49 40 37 43 9 1 2 15 277
Raye 37 31 23 54 19 0 3 15 290
Thora 7 56 59 58 41 3 2 22 118
Pearlie 1 2 15 19 24 1 3 8 188
Isobel 37 35 24 41 22 2 3 18 64
Tommie 12 0 13 11 51 0 2 15 174
Maxine 33 38 20 2 15 3 0 1 15
Donette 52 42 48 2 5 2 2 2 210
Jada 28 27 41 4 22 1 0 1 72
Galen 49 54 46 55 59 3 3 23 180
Dione 17 27 39 53 31 2 2 25 125
Eboni 17 58 31 36 3 0 2 18 103
Thora 5 45 25 53 59 2 0 6 285
Tawanda 16 37 33 48 0 3 2 3 285
Gerry 48 5 14 43 18 2 0 4 28
Faye 15 26 5 49 50 0 3 5 228
Jessi 16 10 45 37 55 2 2 19 105
Pamala 27 39 48 5 14 2 3 12 117
Shawana 20 10 21 22 5 1 3 23 20
Leopoldo 10 35 4 38 35 1 0 10 46
Diego 41 13 48 9 27 1 1 1 89
Brady 23 38 56 37 44 3 1 21 191
Marge 23 40 41 35 23 3 2 23 216
Mellisa 38 10 57 16 36 3 2 23 140
Karyl 41 8 6 16 60 3 0 2 182
Brinda 45 25 28 24 19 3 3 16 80
Bridget 8 25 7 51 47 2 2 20 121
Rachael 8 24 12 16 38 1 0 23 188
Dominick 57 3 0 40 26 0 3 25 223
Troy 6 59 7 50 22 0 1 13 93
Juliann 43 9 23 19 45 2 3 20 127
Maire 54 41 42 35 56 2 1 2 279
Rachell 13 51 35 50 34 0 0 6 244
Tegan 39 59 1 7 26 0 1 15 180
Tamiko 51 19 15 40 45 2 3 12 28
Candis 4 38 17 15 5 0 1 6 45
Travis 24 51 5 32 2 1 2 18 105
Zetta 57 29 47 34 11 3 3 23 78
Long 15 34 52 24 0 0 1 20 26
Cuc 45 51 9 6 57 3 1 25 179
Brittany 59 29 3 9 46 2 1 14 113
Gwenda 49 49 60 5 40 3 2 21 110
Tonja 16 2 26 15 34 1 3 18 89
Verena 40 13 46 14 58 3 3 8 23
Cleta 29 21 36 22 6 0 3 11 212
Wallace 56 14 40 26 49 1 2 10 190
Nicola 17 39 55 0 59 0 3 4 231
Isidra 16 14 23 9 5 2 1 1 262
Frankie 29 46 39 52 24 3 2 17 157
Nedra 28 34 34 9 4 2 0 7 23
Dorethea 2 16 22 21 12 3 2 12 266
Clint 2 22 1 54 18 1 2 3 11
Parker 19 43 55 3 34 3 0 4 209
Jeniffer 12 7 53 35 38 1 1 5 79
Brinda 31 31 55 43 41 2 0 19 239
Tama 50 12 30 49 3 3 2 15 159
Marisha 50 15 34 1 43 3 0 22 181
Fay 39 35 20 34 51 2 3 11 44
Rana 29 36 52 12 34 1 3 12 116
Suzie 6 5 33 28 13 1 2 8 10
Joelle 2 15 4 1 60 2 2 24 90
Ericka 37 49 19 6 54 3 3 14 26
Marylyn 9 8 51 24 1 2 3 21 2
Stella 16 29 37 40 27 3 3 1 146
Melanie 47 42 10 39 33 3 3 6 296
Na 49 33 34 19 24 1 2 20 109
Avelina 3 22 59 21 40 0 3 18 86
Britni 58 31 37 59 41 0 3 19 275
Weston 49 10 12 43 59 2 3 24 257
Letitia 18 55 27 40 40 3 3 9 69
Penni 24 51 31 11 56 2 1 20 94
Freda 16 10 25 5 27 2 2 12 66
Glenn 53 37 47 41 21 0 3 10 164
Gisela 10 22 47 10 53 3 3 19 297
Tessa 37 35 44 50 11 3 3 7 204
Tania 34 12 30 15 53 1 0 22 94
Cheri 41 3 34 34 4 0 3 1 198
Clemencia 43 0 28 28 49 0 0 0 227
Gabriel 6 26 47 6 25 3 2 11 298
Soo 52 30 50 20 10 3 1 19 18
Boris 47 45 14 57 39 1 1 19 138
Esperanza 35 57 54 22 32 0 1 8 295
Rosy 24 43 18 43 51 2 2 25 249
Tegan 47 3 28 56 59 2 2 11 280
Juliette 45 25 57 28 16 0 0 4 200
Aleida 60 33 57 17 30 1 3 10 121
Dana 16 10 13 42 14 2 3 21 15
Blanche 41 41 49 59 24 3 1 25 12
Raymonde 37 16 39 8 1 1 1 3 239
Lieselotte 44 58 14 1 38 3 1 8 93
Torrie 37 30 29 5 1 2 1 5 98
Darline 18 15 22 33 51 0 2 6 294
Tu 34 38 9 49 46 3 0 6 298
Renea 23 27 9 15 46 2 2 15 35
Samatha 8 49 12 32 38 1 0 18 203
Ola 17 43 12 39 19 0 1 6 121
Bryon 29 0 28 17 18 0 2 20 207
Rafaela 42 4 45 25 0 0 3 22 154
Ellis 54 0 0 28 28 0 2 14 131
Keren 32 6 25 0 15 2 1 8 226
Liana 37 37 31 28 26 2 2 24 259
Sharmaine 14 40 34 27 21 2 0 3 184
Tommye 50 37 45 56 53 1 3 22 62
Gerry 37 51 34 46 46 0 3 3 32
Gene 7 17 43 23 20 1 3 4 35
Arielle 58 51 51 36 2 2 2 6 203
Thad 53 49 22 26 56 1 2 7 274
Carol 21 20 44 52 54 3 3 11 260
Victoria 2 0 13 15 60 1 3 7 158
Lachelle 35 26 16 14 15 0 0 5 22
Annamae 26 54 13 54 14 3 0 15 19
Erin 23 48 6 16 47 2 3 20 197
Zona 6 35 17 31 7 1 3 11 164
Shalonda 56 13 40 28 45 2 1 20 193
Marty 6 41 30 0 3 3 1 14 164
Man 4 25 13 32 11 0 0 1 207
Layne 24 20 13 43 32 0 0 5 287
Charolette 15 8 43 36 46 0 1 8 249
Meggan 60 49 42 37 42 1 1 23 30
Gabriela 51 23 16 47 18 0 0 3 293
Mathilda 30 48 44 14 7 1 1 2 53
Shawna 59 41 13 33 39 3 1 24 293
Orlando 30 38 46 26 4 2 3 9 14
Elsa 46 23 2 29 58 1 2 25 93
Junior 24 5 57 40 36 1 0 23 297
Hsiu 0 57 3 60 3 2 3 11 281
Latrina 23 3 18 8 44 2 1 4 202
Ladonna 41 8 53 15 45 3 2 24 229
Laquanda 37 16 53 36 23 2 3 7 181
Tiera 0 2 45 54 38 2 0 16 147
Camila 6 43 38 11 45 3 1 15 153
Yolando 28 40 10 47 8 2 0 17 2
Andy 15 57 21 11 18 2 1 13 45
Jule 43 43 35 44 56 2 2 5 150
Natalia 5 57 35 37 17 0 3 7 270
Regenia 13 0 9 48 52 3 3 18 270
Berna 22 35 50 0 56 2 0 17 62
Albertine 0 43 47 55 19 1 3 10 196
Piedad 27 46 50 33 15 2 0 23 101
Jetta 53 26 13 54 32 1 0 2 219
Pearlene 32 21 40 16 37 1 1 9 236
Carolann 43 52 22 45 33 0 0 4 74
Santiago 34 21 24 20 7 1 2 6 115
Danna 53 44 14 58 24 3 2 2 276
Racquel 52 18 48 38 59 0 2 23 189
Katrina 31 23 33 8 26 3 3 20 246
Elvie 45 55 32 33 22 0 3 3 225
Renate 60 48 9 1 10 3 2 18 247
Desire 4 37 5 46 1 1 1 17 242
Monty 49 38 31 22 55 2 3 10 77
Kayleen 1 34 33 52 31 0 2 0 68
Elene 43 1 34 26 50 1 1 6 219
Daphne 14 39 38 26 48 0 3 5 2
Arnetta 17 4 13 18 8 3 3 15 148
Carey 26 38 44 9 33 0 0 2 48
Davida 14 36 36 58 41 3 0 25 121
Felicidad 47 34 39 16 33 1 3 7 115
Alphonso 54 39 14 7 2 0 3 15 285
Nelida 11 6 10 19 2 0 3 4 117
Queenie 5 21 32 53 26 3 2 15 231
Nestor 19 13 7 37 35 2 0 24 221
Otilia 15 25 4 14 53 0 2 12 70
Madelene 37 15 49 5 57 2 1 18 223
Beula 13 9 1 53 47 1 1 6 96
Young 8 50 34 0 0 3 0 14 255
Burma 0 24 14 60 12 1 2 14 59
Shayla 45 0 20 6 48 2 3 1 110
Sharlene 37 47 31 47 2 3 0 17 235
Aleisha 29 38 34 57 57 2 0 7 296
Magan 23 53 56 18 34 3 0 24 165
Kimberlee 42 53 29 4 55 2 0 20 214
Adriene 42 34 40 45 54 1 3 23 121
Pablo 19 12 3 56 21 0 0 25 1
Alise 33 58 0 16 12 0 1 20 228
Cleopatra 59 21 35 56 39 1 3 1 96
Johnny 23 28 43 15 38 2 0 20 5
Tai 15 18 28 54 56 2 0 22 79
Karon 46 2 30 43 56 3 1 19 11
Cecil 5 13 31 15 30 3 1 12 106
Morgan 39 42 44 35 14 3 3 7 143
Allyson 19 59 11 51 0 1 0 23 241
Martin 42 50 8 14 51 2 0 1 18
Dawne 43 30 19 52 57 3 0 8 172
Charlena 8 42 19 35 9 1 1 1 151
Adrianne 31 58 24 30 28 2 2 13 264
Juanita 30 53 41 50 7 2 3 25 218
